1000 9875
945 530
582 713
18 428
200 471
842 874
869 435
712 370
569 463
436 82
341 219
513 656
200 693
735 495
204 101
338 947
545 39
385 891
269 479
507 188
75 400
242 387
759 106
541 211
190 931
28 10
319 517
855 951
288 167
734 700
971 90
438 956
249 342
963 526
857 23
566 697
736 832
146 204
493 675
387 202
151 189
17 57
666 678
61 144
942 267
9 497
605 595
625 317
662 666
644 881
938 594
856 247
695 539
933 349
468 372
477 226
176 851
861 244
220 132
942 199
926 584
610 436
296 603
336 536
462 104
598 916
569 958
438 17
238 322
811 934
480 758
572 533
959 375
998 475
765 36
712 176
750 328
4 572
721 966
333 440
1 353
468 693
276 62
942 847
744 240
790 35
342 57
15 461
697 30
347 405
204 58
242 197
170 102
240 494
773 34
631 274
833 351
775 859
262 553
65 204
86 173
42 207
742 419
865 936
449 45
30 932
728 337
286 937
216 101
344 90
696 175
732 246
865 584
627 921
957 24
5 763
976 357
943 558
843 145
148 953
169 482
44 687
870 682
320 114
28 419
856 36
264 33
799 979
556 61
104 226
334 599
444 147
597 851
199 84
434 857
163 365
79 329
404 513
705 498
409 173
338 253
466 454
582 24
309 908
917 717
610 433
258 732
429 99
599 66
660 583
37 622
461 850
121 469
390 449
648 976
328 25
771 719
44 205
284 892
283 851
674 295
72 109
458 906
510 451
320 935
582 631
68 887
660 229
589 265
384 936
760 841
246 852
780 526
43 513
228 118
265 196
29 99
752 888
491 651
864 598
996 115
669 179
783 358
472 943
585 7
588 293
420 695
337 571
467 756
854 480
303 346
721 349
722 686
526 838
229 590
198 407
987 180
97 736
278 398
274 335
982 358
554 169
312 596
757 942
425 987
62 384
302 371
343 861
861 896
329 311
745 895
502 330
196 545
87 932
109 556
610 115
386 73
425 757
283 755
212 203
70 153
291 220
741 860
649 678
451 514
213 751
487 448
257 845
993 91
701 650
600 291
728 792
710 984
234 33
128 990
241 891
42 892
686 256
101 288
193 957
334 534
471 146
608 92
1 98
59 788
405 768
499 221
137 610
844 537
998 129
487 241
852 215
604 8
971 791
842 661
437 159
534 295
759 41
849 183
389 284
7 221
500 561
836 454
896 96
55 753
208 200
225 750
191 17
873 202
603 497
107 782
261 227
601 308
556 856
685 636
692 296
531 874
329 774
312 52
384 577
223 166
26 878
47 916
764 394
717 96
668 320
725 273
304 979
925 303
30 621
373 165
660 684
293 389
761 613
298 301
264 149
670 979
749 508
787 803
626 329
627 928
704 853
44 924
189 69
597 184
230 947
691 447
303 973
674 691
771 375
458 38
331 316
478 189
481 399
154 287
463 779
554 796
975 839
865 338
539 17
79 968
321 512
163 293
40 440
481 218
124 854
140 979
533 612
805 975
383 727
956 365
266 905
158 763
864 500
336 573
867 747
319 396
324 22
971 981
513 655
814 849
28 990
591 353
99 895
831 438
968 144
589 320
293 771
440 329
719 717
423 384
67 106
16 668
751 220
972 735
275 377
958 926
318 313
48 269
876 389
111 226
325 409
77 910
996 164
851 667
411 742
319 977
394 504
214 233
470 71
592 985
539 738
612 404
78 520
655 184
802 348
768 340
290 552
972 12
332 435
746 844
9 912
483 41
503 186
57 892
683 208
687 760
138 711
378 192
605 799
168 417
632 887
341 429
911 881
715 80
164 426
471 830
240 48
759 139
905 392
374 431
491 385
473 910
536 748
836 880
120 597
743 407
53 437
781 182
231 323
144 837
202 71
865 269
828 247
687 60
690 240
325 155
993 417
277 472
26 216
488 695
875 69
303 692
170 795
121 335
452 929
714 476
145 591
316 870
144 257
607 696
116 69
944 472
229 290
763 982
508 511
399 632
951 191
148 312
756 21
547 18
343 431
825 660
527 867
413 882
168 677
99 1000
688 59
335 680
104 946
836 387
431 937
989 699
794 955
227 463
125 821
367 872
668 635
63 99
412 185
730 940
215 804
596 789
983 291
967 862
332 471
833 350
401 832
851 917
178 557
714 715
294 927
846 664
388 464
943 262
449 198
344 22
252 525
143 334
113 337
260 170
192 864
100 937
856 263
914 183
991 411
938 789
207 424
743 554
819 42
820 273
771 335
403 979
814 499
688 899
729 217
732 648
810 634
68 160
26 60
410 159
12 127
382 243
348 935
900 542
669 397
462 171
597 692
528 485
106 241
268 160
452 901
344 518
54 881
426 588
607 527
594 858
577 552
797 791
227 883
598 838
451 327
516 733
519 302
405 122
334 16
414 488
306 721
215 967
974 32
927 170
215 132
931 175
717 322
740 547
958 628
501 843
884 324
812 489
266 389
423 217
137 432
673 198
820 915
87 172
694 892
255 798
751 901
608 509
114 74
850 598
355 844
561 521
247 426
358 833
498 146
916 285
129 677
574 785
722 540
445 633
765 666
401 293
420 519
502 586
789 634
77 696
697 173
262 522
981 994
806 633
218 510
450 209
666 842
422 204
727 620
762 755
890 300
71 47
312 742
229 813
981 196
303 40
537 840
882 523
66 988
585 628
801 535
986 541
862 104
903 670
460 708
672 727
257 930
205 812
960 111
706 543
211 167
874 429
106 819
322 788
287 282
520 967
255 968
945 334
448 930
644 616
63 688
279 471
31 150
879 562
222 179
292 834
867 718
962 826
690 365
174 362
768 751
432 262
70 459
790 998
769 203
516 832
633 41
538 683
228 821
817 336
989 626
708 142
682 993
919 534
48 753
68 764
808 919
310 593
783 857
962 128
800 747
125 622
61 710
562 877
959 253
801 247
613 612
215 605
790 869
114 336
740 492
100 771
976 266
982 272
363 320
63 365
644 121
256 810
653 757
537 804
644 8
627 848
64 146
258 206
277 594
422 163
874 638
636 625
505 497
885 265
37 370
723 879
66 706
783 741
788 817
883 629
181 439
287 143
455 837
922 170
281 34
841 58
589 652
426 688
888 507
358 483
107 673
254 208
382 485
862 531
224 899
372 315
390 430
346 410
515 471
699 146
59 819
957 854
851 463
346 269
622 505
646 921
169 43
261 181
47 740
301 692
506 582
716 725
225 890
356 196
393 86
878 65
608 421
739 925
441 834
560 312
246 703
835 142
233 544
109 397
406 943
407 450
355 21
535 19
18 223
400 68
422 133
616 142
688 555
73 685
995 989
638 904
903 947
482 99
834 204
270 614
368 70
319 181
740 742
800 290
620 483
783 475
556 139
349 147
518 860
443 850
946 71
532 652
605 450
823 399
457 18
165 801
853 660
505 382
306 377
45 394
828 470
477 224
26 72
102 215
283 555
789 493
537 380
130 186
629 238
154 820
637 563
339 368
175 734
439 289
97 842
332 735
731 769
48 238
675 91
841 935
845 919
323 949
234 280
771 605
194 954
824 605
883 58
332 780
439 616
480 80
872 297
998 473
980 828
91 95
349 795
849 123
377 894
927 612
858 286
392 295
507 124
364 675
346 946
990 635
255 834
943 187
228 434
428 684
88 741
985 281
643 703
21 971
545 193
825 305
700 939
939 329
902 607
65 100
528 892
616 819
970 417
165 129
402 309
442 774
369 814
409 202
17 908
910 229
179 29
201 757
473 888
70 150
661 893
282 798
299 980
763 363
660 978
782 931
910 148
723 969
528 681
126 392
472 303
753 738
862 28
692 465
636 697
639 202
733 273
571 634
738 137
505 282
73 126
58 650
7 311
391 148
713 495
679 941
793 966
723 5
561 354
46 282
84 713
130 17
845 554
572 870
702 909
222 699
402 823
817 73
876 684
442 148
771 552
242 720
996 569
634 906
819 820
536 318
944 35
432 791
846 142
538 711
632 278
335 655
910 619
640 155
328 727
256 148
582 791
989 783
6 339
63 390
655 834
473 408
536 250
351 411
479 214
18 129
378 295
316 961
354 268
119 957
366 316
421 634
946 632
692 116
344 282
566 581
553 682
24 744
645 90
403 675
871 139
924 7
467 468
907 851
477 755
78 914
65 497
47 65
675 872
855 750
142 125
120 543
265 608
31 605
550 427
865 475
41 137
350 413
27 938
544 240
874 539
658 776
17 144
990 205
496 689
188 223
226 262
559 56
283 757
305 925
309 893
336 821
297 561
926 996
692 718
89 951
104 608
754 899
149 853
41 564
387 704
210 933
727 648
603 902
451 405
695 933
538 103
891 296
283 896
144 609
451 290
490 196
457 917
612 815
349 671
940 998
617 887
963 415
519 418
690 588
750 548
662 494
808 592
388 966
750 262
716 690
988 655
739 531
920 919
95 147
595 535
670 71
334 889
538 348
677 809
596 991
760 581
281 844
946 826
854 403
583 563
930 355
626 18
130 815
162 499
189 496
104 312
126 949
200 747
311 797
547 978
683 246
575 428
156 110
599 314
88 844
130 625
496 17
226 998
853 187
375 267
733 791
89 422
292 341
331 161
848 981
812 816
845 573
672 99
446 626
964 907
568 338
643 290
757 896
832 377
792 821
407 125
744 533
981 328
774 288
491 52
883 903
115 704
169 312
44 700
580 798
282 249
526 412
771 23
738 222
334 653
64 433
716 573
139 417
421 611
480 161
500 44
376 498
140 973
567 982
935 786
790 115
816 410
45 968
376 97
983 518
549 456
710 344
111 699
295 512
725 825
586 847
823 110
20 873
968 3
362 894
515 470
239 212
184 714
2 558
901 578
404 494
557 224
831 257
447 98
177 540
695 374
129 849
314 479
670 16
284 763
593 885
191 132
400 13
397 517
553 89
976 58
61 632
982 224
986 239
768 342
609 844
796 380
565 169
860 891
135 72
150 791
42 214
118 277
924 216
566 138
450 851
597 768
986 769
951 817
473 242
795 813
237 266
203 390
499 799
613 639
562 707
366 476
770 532
199 850
718 966
465 876
136 732
891 738
965 663
607 230
830 579
245 33
344 782
754 745
611 956
705 491
301 416
853 659
233 506
395 807
767 125
109 643
340 353
794 35
50 883
396 331
126 222
885 147
832 769
532 253
524 79
687 397
358 61
803 128
55 119
996 695
119 800
980 488
488 998
196 63
950 192
209 626
79 482
779 488
86 538
470 933
129 147
3 742
759 993
723 311
391 887
20 502
215 83
293 805
25 979
138 210
157 214
711 787
665 739
314 499
261 168
983 479
489 655
551 827
310 623
521 508
761 999
940 498
264 787
530 626
233 311
702 268
777 219
445 829
925 499
15 127
398 109
593 291
670 441
70 613
99 449
937 302
574 85
756 792
481 634
895 539
972 272
98 229
43 556
136 410
340 154
914 153
862 227
80 567
779 797
448 11
108 93
113 433
792 884
903 692
351 907
140 257
418 921
505 63
892 701
325 236
830 639
909 116
197 418
418 561
884 748
351 681
428 991
73 125
292 217
576 68
150 235
325 565
606 800
296 683
172 262
757 285
853 905
822 328
480 312
681 536
292 97
404 209
611 731
633 375
301 823
889 590
909 649
824 651
38 645
431 18
906 913
102 828
915 933
632 279
63 163
767 651
256 149
169 724
759 747
411 563
284 291
516 770
256 260
815 666
377 906
428 514
170 744
56 177
458 589
868 48
62 75
984 833
468 678
530 489
70 566
327 413
61 785
102 214
299 644
392 34
265 308
817 839
261 500
293 494
703 343
523 693
856 374
468 900
351 201
248 742
908 524
821 206
305 666
904 952
93 386
661 912
579 364
904 955
559 229
913 51
787 998
702 700
127 223
726 745
838 503
705 406
754 734
501 933
909 152
453 44
744 540
892 935
442 206
813 333
462 133
11 863
818 165
309 542
439 239
900 899
25 79
903 348
926 647
181 458
710 878
452 10
35 34
667 569
393 636
49 194
620 639
92 160
864 201
632 85
138 253
817 197
360 376
289 812
989 479
738 833
484 153
4 569
107 882
185 220
576 759
266 423
357 274
56 879
733 587
648 595
684 145
123 550
25 564
301 735
369 425
100 47
542 386
327 496
445 869
13 545
808 695
938 38
812 531
303 232
967 177
550 155
130 590
919 434
316 869
142 217
610 833
576 593
204 946
759 160
340 210
87 871
917 846
919 144
300 704
942 755
299 799
84 223
212 20
273 376
367 915
885 44
527 972
658 877
74 100
360 254
719 372
407 834
981 425
767 88
454 347
118 660
13 344
269 686
828 419
650 911
176 826
429 424
267 469
168 749
396 385
931 954
749 863
954 377
438 158
22 345
991 597
944 319
798 430
824 869
253 149
975 794
444 666
907 18
927 223
570 312
185 798
470 445
404 120
812 141
978 165
216 900
68 941
984 814
177 19
337 68
829 831
777 988
6 510
817 451
454 684
21 723
647 259
595 562
155 577
172 929
410 986
341 886
693 193
622 217
53 162
453 920
368 700
95 827
461 445
782 393
964 532
199 265
882 909
591 855
722 738
852 725
694 470
748 614
360 959
398 1
131 390
981 920
161 675
515 556
18 108
577 251
725 419
529 376
105 798
805 475
806 108
575 673
243 904
316 441
75 835
615 581
804 276
108 137
757 675
482 818
301 270
619 799
191 910
549 56
67 977
71 565
18 579
718 528
171 959
577 720
746 825
896 624
183 12
735 611
601 323
444 600
709 68
64 543
310 433
628 436
701 544
775 857
889 960
585 479
660 608
639 606
457 940
154 980
764 555
450 447
490 963
659 689
896 269
399 490
256 108
662 292
206 992
636 842
543 483
105 243
78 222
673 846
198 995
823 640
592 666
793 254
711 675
432 587
971 55
846 850
909 769
781 817
284 335
639 973
256 424
8 281
176 200
673 25
412 43
285 851
678 778
699 749
591 811
740 471
420 860
800 900
90 898
622 983
364 835
866 413
572 293
562 898
71 68
551 382
97 585
740 309
578 184
304 877
47 175
19 454
994 424
529 501
865 445
748 248
614 720
335 273
174 913
639 359
442 457
66 665
875 149
879 456
325 124
285 475
770 795
199 599
383 394
809 4
102 358
246 144
223 532
978 297
962 930
745 562
373 273
546 677
818 190
983 600
969 58
37 618
535 255
714 334
404 210
280 928
334 23
172 406
231 693
485 233
326 651
76 762
93 692
438 550
327 971
845 778
681 825
298 735
626 955
129 879
24 67
488 104
33 395
198 975
219 480
458 872
314 404
158 264
250 270
481 842
815 677
963 910
40 727
864 729
792 358
223 334
243 516
445 832
948 105
558 797
143 803
237 30
765 520
324 850
511 848
937 265
847 778
39 761
890 299
74 284
493 726
80 769
544 20
303 53
911 682
326 510
112 54
539 235
120 545
487 137
985 661
877 257
734 410
221 381
442 634
178 434
635 307
47 417
165 790
889 444
282 18
922 909
875 37
791 151
755 318
1 299
461 737
906 638
233 322
286 468
624 413
932 430
275 933
421 943
907 152
546 568
999 502
710 879
897 898
736 150
737 195
918 888
776 769
135 6
319 485
410 515
322 95
327 798
457 612
923 835
229 456
46 534
432 166
362 683
733 936
940 6
707 789
6 562
821 261
882 309
578 538
523 135
742 777
673 886
690 940
656 612
367 828
9 158
618 666
18 468
551 194
294 361
768 332
881 469
276 595
632 641
852 690
320 579
731 375
539 568
192 653
566 551
493 809
756 849
61 933
371 214
22 560
463 870
744 648
271 680
592 460
944 869
382 465
976 957
505 540
460 747
961 778
528 755
155 274
508 787
367 359
808 131
350 270
79 980
193 593
583 292
343 579
669 360
296 838
103 67
909 780
658 524
219 590
990 457
23 898
936 773
44 167
22 350
429 312
927 73
894 52
492 940
880 610
854 902
991 983
591 365
242 513
458 138
514 749
414 182
487 932
309 388
113 515
935 336
167 810
404 488
775 171
707 241
745 70
998 304
983 68
595 177
733 573
388 932
206 679
862 947
235 849
952 343
419 698
350 594
665 694
298 969
816 774
1000 35
466 643
328 608
898 820
609 314
860 710
721 264
575 125
333 578
320 431
110 430
164 752
386 598
40 806
190 932
467 545
360 975
821 846
327 245
369 775
43 706
942 562
965 627
61 80
420 824
41 37
63 860
819 210
359 309
549 965
970 362
810 275
476 503
882 590
944 769
562 336
65 296
836 92
278 261
731 799
491 18
93 378
700 454
170 997
615 725
487 38
568 688
201 905
828 98
520 819
560 704
867 476
210 841
836 533
287 223
787 767
575 341
73 464
222 563
248 74
304 236
893 678
625 892
150 644
852 459
617 700
907 160
340 905
577 866
7 3
124 715
314 159
333 81
206 993
888 248
742 247
231 630
125 239
324 671
556 111
869 240
484 82
157 212
603 396
694 997
418 288
114 211
332 158
996 245
299 111
717 13
303 476
232 17
927 758
967 965
407 845
664 470
996 43
644 399
263 931
441 716
587 335
660 753
592 231
386 570
85 118
583 795
655 446
182 976
200 948
293 89
921 800
299 952
718 945
644 60
847 599
867 141
282 797
32 844
610 249
740 532
390 783
528 684
526 427
643 141
205 772
773 626
11 599
691 153
692 582
201 933
315 189
832 65
101 708
227 921
712 567
361 687
93 96
818 191
909 852
676 33
295 629
757 442
233 246
965 205
606 689
175 586
500 772
928 989
479 654
171 713
499 196
897 712
779 22
747 410
34 195
267 358
552 668
537 232
497 923
617 954
963 194
209 491
267 843
16 166
552 555
681 841
918 558
152 441
996 282
262 962
211 918
507 319
513 896
496 101
993 728
445 637
636 336
693 151
110 123
540 622
189 632
150 998
712 399
677 643
569 10
454 516
725 663
742 735
144 694
713 811
271 199
39 363
425 147
642 87
268 591
535 523
331 41
60 489
207 618
189 203
657 889
114 522
834 307
123 312
861 618
13 908
792 803
960 325
869 795
156 858
767 320
221 380
942 324
209 960
670 855
947 238
607 312
480 816
657 453
110 927
348 784
940 271
482 618
909 231
141 381
970 791
510 36
152 996
672 640
119 964
337 322
248 19
447 605
535 830
927 455
804 146
879 574
261 665
957 620
465 374
564 998
145 932
602 356
457 922
811 711
29 542
429 356
747 489
306 753
91 333
681 907
993 937
637 474
251 515
747 390
799 7
489 410
17 856
741 509
707 165
428 450
470 205
312 219
582 886
142 867
588 503
570 870
811 16
522 965
246 599
691 966
618 554
967 909
940 95
551 82
237 1
39 271
463 579
127 470
74 686
754 316
423 573
373 882
252 561
825 479
790 603
773 775
773 692
654 58
503 608
714 993
459 895
351 956
506 246
283 436
895 819
130 257
994 192
745 862
122 263
254 982
876 287
952 564
10 714
448 787
66 734
311 224
478 595
439 608
825 87
908 118
638 461
805 970
147 287
352 110
723 81
483 980
679 526
338 81
4 636
14 832
823 250
726 714
512 597
842 464
167 711
974 237
280 921
872 531
335 957
546 460
619 270
158 926
325 227
71 919
348 312
499 188
889 516
926 387
160 750
769 68
912 375
730 691
345 599
656 887
163 578
384 917
4 582
167 954
931 447
906 38
446 247
255 845
988 622
475 837
95 660
208 56
320 642
946 842
730 981
87 336
180 438
16 260
675 684
733 734
169 931
43 918
542 508
928 304
971 370
705 642
420 115
877 900
991 140
900 677
646 473
173 893
321 10
714 547
94 257
80 447
703 361
598 145
191 581
293 53
947 8
677 159
339 824
861 963
918 266
980 55
943 173
527 546
952 720
738 225
512 224
746 660
88 278
92 294
520 869
257 799
900 551
480 64
596 118
943 899
858 925
710 906
92 469
476 52
598 831
597 654
65 649
659 150
225 365
742 394
979 836
780 179
49 191
784 310
110 544
8 880
105 96
259 488
76 551
383 933
295 263
428 676
5 8
585 319
968 177
647 713
148 27
43 327
671 329
713 579
887 894
128 455
242 305
650 946
345 476
199 457
773 266
925 95
5 33
702 134
707 411
263 745
216 478
859 372
553 545
751 834
790 950
259 682
665 947
997 462
564 167
657 515
548 984
616 238
715 226
94 253
631 14
359 715
804 596
199 930
284 814
535 708
630 322
117 309
268 281
58 965
222 208
792 887
614 726
540 237
482 499
230 719
486 677
61 319
123 966
718 707
165 705
784 195
740 843
396 411
144 68
2 62
573 309
97 100
81 543
763 683
505 655
399 645
614 274
407 618
113 181
638 148
348 194
828 724
760 2
374 874
436 557
868 291
849 316
741 742
296 149
250 927
768 806
533 234
147 419
955 328
940 28
603 378
859 916
681 840
497 875
120 494
195 508
659 429
474 45
252 600
831 171
636 337
696 678
660 961
129 527
665 621
425 496
853 303
760 557
769 735
114 470
356 367
472 804
660 807
57 846
208 542
118 289
530 375
549 553
877 76
843 964
688 759
727 375
800 17
70 727
731 523
255 345
297 121
411 225
972 443
26 456
465 792
715 33
9 542
563 227
748 221
888 552
669 531
636 618
786 337
836 735
420 422
947 399
272 245
756 258
476 77
663 475
386 357
463 369
766 378
15 824
54 854
606 771
862 681
594 827
278 814
818 307
70 460
188 543
551 696
371 779
776 914
105 56
314 637
237 555
405 891
245 892
128 16
720 410
224 585
996 319
798 13
51 648
432 902
976 195
918 698
371 699
617 183
364 319
914 399
108 574
109 537
171 240
635 951
63 422
307 976
661 509
296 674
706 150
375 481
948 79
363 537
750 215
274 10
630 633
835 439
657 971
626 496
121 59
591 914
740 376
338 744
142 220
200 973
222 398
351 814
283 6
47 97
303 971
92 910
312 630
403 929
904 858
706 346
175 141
858 993
198 38
201 770
255 128
239 830
394 490
222 168
768 357
443 845
746 558
876 157
127 21
380 215
979 220
641 571
843 445
131 777
508 711
567 978
382 12
679 992
918 56
791 298
197 153
35 114
474 574
456 29
440 898
205 702
421 833
17 523
641 374
181 437
36 360
258 702
595 251
617 855
180 627
400 595
662 287
43 779
850 983
387 879
361 162
589 378
333 60
172 894
419 559
965 39
849 38
484 15
638 872
604 776
623 28
522 23
375 167
398 490
937 532
702 276
80 3
262 693
599 244
584 691
678 749
352 42
87 433
289 506
218 256
165 263
296 458
568 118
252 743
606 466
643 612
41 410
14 859
614 969
8 45
942 560
946 399
175 67
610 864
818 853
838 272
14 374
919 177
562 334
14 737
491 561
93 376
649 518
796 851
637 891
598 483
272 31
18 559
535 502
776 415
279 308
746 661
603 804
654 416
789 391
917 690
644 670
404 987
867 559
724 172
62 783
927 265
954 425
610 279
25 411
466 881
840 304
269 544
515 280
315 494
443 277
712 842
634 627
489 448
343 421
860 241
510 430
241 695
851 494
67 447
929 328
604 206
272 761
220 711
336 460
559 790
323 214
108 864
713 578
842 806
369 276
330 903
150 873
707 942
376 684
955 242
94 678
440 73
544 591
512 237
952 484
602 270
902 822
159 811
130 787
80 382
887 157
997 461
643 563
705 798
578 4
817 936
801 291
948 275
825 421
676 696
386 683
815 198
502 71
565 427
775 89
645 259
887 336
178 152
587 60
771 437
184 633
810 469
739 457
633 846
728 118
783 570
738 19
412 763
316 509
45 729
466 302
545 753
840 767
16 481
457 49
831 931
540 396
482 580
11 678
537 295
359 142
129 311
357 953
304 315
158 682
549 315
382 68
76 791
188 901
465 264
796 708
232 557
853 917
712 791
196 392
110 594
555 835
828 725
279 687
907 206
780 848
448 745
747 271
361 88
828 580
298 587
850 12
428 186
836 488
379 556
841 727
521 721
464 238
372 495
820 635
822 25
148 56
225 731
998 510
988 76
547 786
199 690
882 159
665 707
315 950
924 600
321 93
176 400
379 251
677 816
453 972
925 34
243 492
643 197
181 978
486 769
592 935
702 300
298 30
446 494
303 355
623 298
414 840
67 784
773 15
702 191
830 112
482 450
41 321
630 397
268 728
71 37
578 155
181 942
771 256
365 409
614 864
598 329
47 61
305 694
255 446
149 525
904 782
212 99
1 526
663 244
403 866
597 880
230 379
331 708
25 305
188 843
481 183
814 243
562 120
447 974
68 497
152 530
606 881
105 412
832 990
816 499
543 241
761 850
802 941
678 947
901 951
258 731
704 439
764 767
250 833
257 401
10 251
195 189
140 618
380 871
471 24
738 861
426 395
834 540
290 458
55 718
683 289
439 687
264 753
84 880
360 26
750 267
94 751
9 131
821 239
678 631
265 287
821 85
513 652
14 907
648 949
316 515
415 845
513 573
119 57
274 11
496 135
389 874
88 849
341 33
806 245
988 609
761 622
691 279
375 262
697 682
166 231
579 586
726 815
857 940
549 814
382 625
697 539
724 324
766 987
568 296
697 900
383 105
313 518
335 458
132 78
221 463
866 900
339 124
212 246
550 682
139 986
519 569
866 887
951 828
382 13
989 123
663 510
975 56
541 990
504 411
984 613
508 611
969 247
474 575
435 815
556 465
993 836
956 475
965 131
8 854
580 366
284 931
196 87
333 170
150 608
337 47
675 131
471 60
254 948
488 796
438 303
367 127
384 146
483 402
465 131
803 295
307 106
367 236
224 598
152 499
688 229
265 756
817 455
837 524
418 394
185 109
332 196
316 705
764 199
86 959
347 385
886 726
722 591
673 113
527 330
588 237
553 971
313 386
707 334
752 613
194 310
151 192
743 686
744 856
179 164
145 107
389 608
88 75
839 232
679 579
772 167
231 376
213 989
452 635
144 188
933 500
352 703
351 547
745 824
620 104
400 101
952 722
934 998
712 117
206 441
776 384
447 945
620 255
510 19
88 391
107 357
145 576
755 529
681 662
885 158
245 767
858 778
949 753
491 595
534 21
572 856
818 504
750 903
589 571
606 619
129 101
665 91
594 147
850 41
408 44
817 176
505 956
994 892
626 512
580 209
928 658
376 975
910 998
489 336
995 663
349 996
392 463
110 243
601 646
993 689
981 516
391 528
243 923
972 841
475 675
705 578
557 481
741 132
446 96
930 309
57 199
109 359
616 50
872 92
506 326
894 973
200 729
113 104
403 284
21 981
351 50
997 460
108 293
218 485
200 808
592 218
208 723
448 354
346 577
730 1000
222 436
522 588
748 868
559 204
430 400
880 3
606 270
709 736
567 710
797 107
787 574
600 217
64 79
782 711
16 482
149 714
576 42
244 840
818 43
344 926
698 629
384 501
477 222
337 427
652 166
232 671
893 726
362 14
240 622
974 777
44 310
728 691
714 330
71 827
371 101
634 549
196 24
894 115
258 615
379 559
154 679
233 934
968 175
522 202
465 203
525 965
14 900
556 989
479 830
617 217
873 871
926 251
360 78
603 26
217 715
867 655
972 877
862 712
526 556
375 110
359 805
985 718
712 434
968 540
271 83
534 863
333 694
530 504
449 409
88 711
252 330
270 153
806 383
773 14
120 277
37 520
972 162
179 657
868 275
562 930
374 998
857 38
30 904
605 832
930 682
950 809
421 53
169 36
353 455
887 112
193 190
59 267
917 821
974 844
294 668
5 711
521 48
874 754
286 796
213 804
568 269
878 558
524 712
446 954
880 190
439 343
645 536
938 530
978 743
556 564
780 305
193 585
766 670
433 218
554 578
496 518
417 686
291 85
743 11
642 186
89 810
201 160
637 757
936 987
90 616
755 886
978 43
923 726
266 255
784 368
150 397
58 125
940 115
945 771
300 26
492 874
609 382
193 240
955 342
115 501
794 728
410 801
929 375
485 18
470 849
441 77
609 259
560 53
9 305
718 159
881 751
57 29
994 966
258 796
672 745
813 867
891 291
674 775
968 89
104 318
750 213
471 972
240 302
661 620
222 338
687 748
736 974
626 494
306 893
848 828
333 956
247 858
913 240
142 162
454 144
645 201
248 519
501 219
156 778
88 112
394 915
44 427
41 94
938 724
20 894
706 344
329 219
4 485
832 238
980 30
568 376
93 131
221 462
760 384
244 785
210 865
106 798
359 64
362 164
537 760
495 896
334 262
211 57
582 88
785 506
110 809
471 140
348 102
809 396
331 880
775 739
245 282
780 59
395 31
344 709
129 495
707 582
55 715
709 252
158 882
340 625
429 325
250 866
751 262
328 936
555 539
208 398
387 849
409 681
158 44
197 586
917 193
963 159
769 458
675 636
536 491
115 382
744 270
7 846
734 873
860 444
4 720
6 386
546 19
878 72
879 241
313 272
618 525
730 67
696 975
313 137
273 642
492 274
240 507
593 313
242 297
61 739
155 354
29 325
560 390
117 572
49 820
156 72
319 524
503 291
549 751
414 932
238 948
296 347
246 451
825 3
38 511
369 916
118 9
14 372
662 544
826 914
539 215
724 345
652 462
639 334
877 453
680 799
537 954
757 799
32 638
541 750
320 757
545 747
529 46
567 530
774 840
778 718
348 987
38 814
407 722
501 613
896 696
980 246
230 507
603 964
70 507
840 411
992 785
979 841
710 683
825 563
193 903
313 320
65 980
969 121
646 707
8 883
188 705
82 444
671 20
426 859
603 738
396 566
533 211
590 924
457 544
409 645
48 451
693 413
125 235
567 500
293 815
935 368
479 948
25 981
854 640
30 70
582 659
17 805
475 821
665 741
877 690
721 78
522 9
156 287
40 736
541 14
63 504
397 692
125 559
678 783
804 141
751 840
189 306
823 864
835 480
672 957
270 45
518 759
298 346
749 171
721 537
130 563
994 306
687 789
728 698
658 125
864 405
540 121
669 667
726 852
231 270
602 686
752 255
571 661
40 203
991 272
634 255
16 340
514 463
198 108
889 414
796 945
947 263
825 523
978 659
260 726
42 160
525 94
303 592
514 273
915 499
754 918
149 826
496 618
81 540
719 52
870 796
463 414
253 886
235 279
224 910
443 194
541 129
254 128
516 709
611 705
392 831
319 460
103 357
968 498
896 383
453 630
456 166
353 546
545 882
146 901
328 992
989 501
383 858
738 695
617 958
565 646
894 338
275 328
93 593
846 145
43 164
501 864
137 303
465 202
638 855
470 165
880 761
527 237
647 305
744 326
156 460
105 268
915 137
228 462
838 771
837 852
125 578
915 246
899 669
129 701
978 170
423 823
194 93
421 210
593 609
651 609
51 365
783 164
713 952
532 484
648 249
925 755
527 163
291 651
368 54
369 963
784 632
160 522
101 945
196 216
496 620
370 914
41 242
614 753
500 305
320 87
726 739
178 13
364 252
490 267
221 489
602 698
301 337
672 683
804 440
879 868
102 717
839 614
399 885
239 618
240 572
404 925
577 659
561 310
410 362
512 990
898 199
849 627
751 208
812 479
309 649
145 920
922 368
270 796
508 319
3 663
997 877
67 488
636 574
432 859
286 10
845 809
318 699
160 565
507 366
271 867
556 51
690 279
299 26
446 223
67 6
780 730
91 156
497 229
189 551
491 857
945 637
565 956
531 772
694 848
67 816
315 837
355 912
795 430
424 535
705 698
268 73
597 508
263 818
584 745
149 671
476 859
243 660
869 712
303 246
400 447
734 718
311 651
312 795
576 568
920 602
703 369
523 727
467 505
428 913
433 569
829 96
407 859
739 556
346 518
866 305
424 452
260 874
632 979
503 636
342 570
827 710
293 238
188 404
869 827
416 156
71 297
457 493
205 887
66 683
31 975
722 360
415 300
182 553
365 669
347 615
231 52
666 440
509 434
843 446
59 143
645 652
724 139
249 841
121 186
675 329
714 417
953 879
510 68
19 961
63 732
942 177
513 407
841 34
35 119
54 817
275 964
15 54
976 727
849 607
851 249
875 783
628 461
832 730
546 456
162 449
660 320
594 60
779 82
29 879
840 989
557 591
208 286
307 738
91 75
459 495
150 832
47 748
930 188
492 748
254 660
188 606
110 55
519 136
111 346
705 533
647 654
760 616
299 292
546 892
583 524
177 832
472 880
949 482
237 80
38 131
62 5
100 856
346 363
863 445
403 371
338 824
464 643
178 913
903 939
830 153
557 959
692 218
450 733
783 269
933 144
251 36
306 439
433 438
381 736
691 19
486 701
895 308
770 926
936 426
296 9
836 643
286 740
611 889
910 405
286 631
845 732
850 370
577 682
101 572
690 459
139 339
12 35
141 385
258 383
187 79
980 660
776 736
465 289
999 420
859 625
168 624
483 837
909 525
975 347
309 705
8 884
392 659
290 46
509 922
825 611
922 475
944 63
674 392
16 610
950 485
54 174
917 228
934 545
793 302
986 934
211 897
128 475
169 737
63 5
589 485
307 828
13 841
350 563
796 94
928 481
488 312
721 821
972 986
976 29
229 975
588 138
554 502
591 817
754 471
348 274
786 165
863 401
62 176
391 779
47 196
854 188
885 565
312 723
131 377
848 773
248 721
247 797
628 688
437 805
95 217
833 976
106 546
435 316
990 78
503 552
468 188
101 894
653 23
486 808
933 359
572 335
362 253
537 695
810 645
848 559
338 130
819 753
567 791
990 394
847 7
447 693
625 787
10 371
29 565
600 623
619 317
589 477
555 725
202 951
862 63
797 560
279 793
708 509
453 518
202 774
497 926
81 223
543 461
638 965
903 747
699 835
138 241
637 19
896 13
733 608
185 58
612 375
759 736
619 806
318 510
265 242
91 800
910 653
323 469
808 819
664 311
319 865
801 226
986 174
290 984
5 291
579 962
251 373
326 353
398 882
772 91
921 775
153 685
983 389
433 621
506 173
753 932
535 740
972 386
757 948
939 587
946 293
783 490
342 654
970 175
753 821
572 367
455 677
792 855
297 287
908 873
609 944
919 893
738 50
904 640
463 95
980 107
283 717
452 716
391 355
379 897
50 163
797 65
519 615
889 160
728 738
384 322
883 446
352 54
85 960
196 495
509 96
48 568
315 299
244 499
304 56
163 847
550 841
989 423
457 622
444 892
234 344
966 921
254 927
348 448
25 995
745 108
708 96
542 982
123 94
220 650
367 213
243 347
302 908
285 66
234 634
919 775
223 394
301 109
613 62
885 825
156 465
374 941
950 719
760 589
869 277
446 62
136 786
539 641
726 209
490 793
933 921
50 763
80 313
636 198
182 994
237 397
476 715
38 70
608 818
204 858
208 669
356 621
394 782
111 721
633 553
172 478
118 35
299 903
908 559
70 838
145 29
57 697
705 229
815 104
1000 935
469 428
970 195
18 692
888 18
504 849
31 974
897 548
884 700
560 730
316 416
173 361
639 138
254 364
603 633
168 375
900 584
996 933
995 586
64 312
897 710
789 464
110 539
361 507
54 822
864 398
906 959
478 886
283 868
346 496
43 432
6 836
676 836
551 600
953 441
385 293
923 805
543 500
980 690
124 300
314 37
492 978
525 954
820 574
713 426
107 855
751 230
4 579
439 652
564 571
325 990
916 504
6 384
601 570
543 699
857 416
712 381
761 956
298 66
426 31
655 130
87 476
489 949
661 541
796 372
137 209
56 479
916 589
791 563
60 575
728 465
412 508
758 317
815 302
783 268
199 949
790 632
645 299
593 618
408 806
373 962
283 486
463 815
167 608
659 537
970 148
202 250
648 400
245 184
373 115
24 869
477 981
903 729
528 725
128 707
183 871
365 640
741 777
5 831
396 492
336 466
214 498
25 494
297 625
983 589
948 816
642 103
352 15
206 350
408 273
889 856
837 24
170 763
883 374
994 700
675 66
513 355
551 751
296 37
186 125
975 319
797 555
409 794
599 739
250 900
345 660
771 580
354 858
301 992
505 818
94 904
510 573
77 70
778 187
141 981
237 896
367 781
467 903
563 942
151 534
743 920
615 863
86 73
345 193
207 751
639 808
42 178
915 299
739 239
425 91
206 444
156 989
31 723
142 152
807 606
596 467
135 689
118 107
139 690
411 137
241 314
353 115
255 23
292 483
793 514
2 122
745 793
905 652
931 652
453 48
914 450
700 87
594 558
957 352
540 580
287 185
568 961
589 873
828 499
757 19
23 851
159 115
16 131
73 502
275 910
457 791
755 219
466 223
193 829
35 14
353 969
111 763
849 422
775 954
841 842
823 942
135 424
559 621
453 517
955 335
831 496
267 833
773 439
266 395
569 306
158 663
366 120
192 617
778 46
949 680
229 768
671 441
488 390
807 169
886 738
922 151
368 763
313 334
285 784
347 612
490 802
507 128
416 97
109 76
492 340
610 595
573 440
847 866
96 825
263 857
912 673
195 575
878 352
478 676
708 739
221 914
460 393
599 414
52 835
604 687
329 339
41 103
403 904
73 195
178 184
644 941
945 410
375 361
749 704
12 357
292 936
701 814
413 678
197 31
658 547
533 597
201 212
311 11
187 25
188 822
340 745
749 883
418 847
168 442
232 425
780 225
512 591
508 458
849 386
496 886
850 93
888 88
948 137
757 604
845 854
354 915
615 300
308 744
432 861
449 152
894 509
347 106
560 89
337 80
427 893
72 259
825 843
988 785
849 61
388 975
975 533
416 272
971 622
328 764
863 532
169 568
869 387
34 185
792 218
464 379
583 554
51 429
983 268
877 777
213 181
408 121
795 570
189 263
562 867
542 277
284 61
912 894
164 731
900 215
223 56
725 294
570 565
892 424
967 62
592 308
666 551
849 191
8 133
136 346
251 385
142 336
772 207
829 42
675 160
620 497
273 368
628 996
844 745
131 110
853 389
524 751
706 710
308 545
823 445
702 656
59 272
912 216
532 941
922 1
652 154
408 675
966 318
475 497
365 957
996 821
984 617
239 505
281 217
724 875
340 636
642 162
77 383
777 665
834 700
300 34
656 266
710 733
568 725
811 950
295 281
557 70
6 212
724 585
211 630
945 765
254 952
220 760
292 733
681 90
821 418
641 132
381 299
76 287
630 914
775 305
623 27
474 238
332 192
595 570
229 856
431 764
555 216
777 772
83 792
85 234
929 860
33 403
637 804
359 588
845 997
680 597
492 51
683 858
886 871
350 768
429 542
920 866
658 20
50 292
32 807
677 153
628 841
535 303
844 942
183 753
809 162
404 642
619 791
835 978
415 258
291 816
862 441
22 160
79 945
637 999
33 857
549 177
419 84
206 300
799 313
841 115
469 786
383 764
719 118
364 651
315 116
852 390
651 510
873 903
876 563
658 762
571 167
664 579
205 349
428 60
850 357
733 199
112 799
729 573
118 431
637 299
358 276
166 117
626 572
648 902
537 21
741 349
409 650
747 580
347 82
183 456
186 348
498 26
560 97
523 119
754 667
779 193
548 514
896 35
570 198
589 234
115 351
498 109
836 261
733 651
414 303
263 598
440 61
105 567
915 76
954 554
179 424
959 831
378 376
179 329
860 848
223 112
80 258
209 674
322 323
839 426
472 108
145 186
237 340
739 238
227 8
762 853
445 391
565 438
986 925
916 832
577 72
359 342
682 261
634 250
190 564
321 699
689 232
302 994
76 754
472 313
164 215
370 401
80 846
616 656
46 215
253 529
704 19
353 123
442 307
656 37
31 167
609 297
737 78
790 48
277 227
228 599
64 656
192 453
249 660
803 167
162 293
658 734
272 429
451 310
443 308
814 805
23 259
965 327
935 563
278 614
905 318
690 606
431 880
513 255
698 181
37 965
591 290
812 77
669 500
634 771
393 809
301 208
181 138
686 573
802 70
767 690
349 920
238 68
994 830
332 185
958 861
315 973
510 798
252 96
548 693
164 962
114 65
888 194
297 927
63 392
321 313
677 652
489 995
971 419
203 829
350 956
192 522
907 623
468 687
161 257
455 99
97 643
977 999
854 111
498 597
104 484
217 139
994 469
541 256
505 128
967 490
326 502
143 548
257 669
735 94
634 175
209 936
504 968
469 406
748 106
869 780
239 657
809 250
867 396
939 875
228 520
639 144
987 851
823 457
697 845
202 277
186 35
862 887
766 749
291 89
993 87
956 349
758 849
7 269
118 560
16 224
418 844
367 275
684 695
611 657
817 18
728 659
345 605
241 704
257 123
234 311
219 137
863 999
315 666
614 18
651 228
237 549
972 600
833 806
360 496
822 254
920 114
837 553
685 846
506 553
142 763
470 196
418 355
47 746
755 182
115 279
483 347
854 318
341 857
52 236
734 768
660 995
497 107
826 582
510 935
518 400
99 408
793 403
364 764
18 238
75 483
717 816
829 726
647 581
669 909
446 286
161 670
92 870
181 723
184 361
406 760
728 358
333 478
680 908
213 226
473 781
80 601
722 936
706 293
84 369
800 162
729 124
805 447
454 39
476 491
520 33
834 385
670 811
465 911
925 871
567 906
516 324
130 395
813 646
173 359
174 64
362 160
888 276
5 874
155 535
50 837
931 980
913 705
453 152
576 389
940 670
736 219
702 992
279 637
943 714
900 512
410 623
770 287
662 273
762 533
86 615
983 239
626 616
147 481
167 802
594 458
246 889
873 916
622 388
749 281
994 887
519 158
647 485
445 589
659 903
176 462
342 447
57 61
385 630
164 794
368 693
977 781
9 51
962 251
105 602
217 963
554 273
555 104
204 154
743 967
321 146
88 643
217 33
398 14
290 943
331 25
369 174
223 31
544 374
123 411
658 386
786 207
754 347
259 738
888 793
600 449
961 83
483 634
910 20
456 901
274 266
464 932
28 317
18 775
184 611
170 602
634 231
643 549
982 533
767 257
700 478
991 329
829 190
780 358
709 664
639 219
919 400
406 192
339 31
932 8
12 410
598 711
927 503
50 873
850 256
144 381
509 181
813 29
999 310
586 559
306 545
381 123
309 718
291 335
422 935
150 406
586 573
121 550
875 637
452 218
608 16
664 866
522 592
977 429
885 556
29 880
980 720
340 887
197 554
589 280
661 123
186 349
45 486
931 413
806 539
177 351
167 87
134 164
356 28
198 875
10 195
916 414
243 386
178 767
40 740
57 202
275 127
557 621
859 333
881 405
95 919
393 846
151 897
579 858
835 484
698 180
626 419
990 640
493 856
283 166
646 828
365 286
442 781
387 132
557 928
908 610
418 542
252 624
606 323
273 29
936 363
277 701
503 545
681 57
407 959
598 406
781 206
511 251
391 646
171 95
908 166
177 180
485 223
790 70
224 137
611 999
219 910
951 497
457 789
813 496
318 982
814 955
840 338
434 575
366 962
936 965
224 983
685 54
45 151
201 489
718 134
243 34
633 494
739 286
98 394
972 565
664 894
686 467
279 907
985 902
752 919
768 940
362 719
513 922
76 465
459 475
521 548
686 578
484 126
730 882
747 688
713 608
110 144
937 692
778 44
220 598
410 1000
218 49
492 432
132 353
351 383
318 76
891 282
375 101
15 52
381 564
848 55
822 940
327 407
256 572
518 324
355 86
263 859
527 62
35 852
678 958
477 599
316 859
407 140
947 939
126 870
221 594
459 837
910 204
568 419
911 701
625 150
553 433
95 318
634 172
463 826
579 741
47 59
305 680
88 8
126 576
4 270
62 540
13 72
876 176
986 656
606 89
93 186
719 410
245 495
597 890
335 18
227 957
716 328
303 624
715 592
849 742
336 959
245 257
391 237
728 741
380 552
567 884
37 565
439 225
776 699
615 72
33 610
451 303
343 261
749 770
149 60
315 885
79 319
651 150
338 431
693 575
3 667
152 255
709 385
104 728
600 765
644 86
766 174
57 326
716 806
647 115
299 129
393 836
635 799
659 609
541 996
347 157
331 894
952 78
946 975
712 245
115 278
243 461
144 684
983 409
181 911
437 309
869 274
48 636
967 901
697 97
420 728
886 639
905 44
743 939
878 403
184 251
556 627
781 594
144 537
643 625
192 821
446 750
2 680
312 654
577 134
631 975
833 60
744 753
619 527
198 142
878 604
809 724
230 575
106 633
715 385
165 928
918 358
645 470
746 553
265 794
783 632
219 699
495 542
299 566
861 153
18 597
704 92
541 807
374 536
550 998
794 69
430 905
611 652
996 622
182 105
58 427
223 791
295 394
759 865
147 650
31 412
515 451
346 273
93 612
996 331
483 408
621 930
638 768
824 572
141 942
763 636
229 245
357 256
532 100
435 970
937 652
323 931
371 668
937 230
469 379
493 81
369 67
150 934
105 601
33 148
369 220
830 419
341 94
532 297
131 496
544 375
484 586
218 742
296 320
740 283
887 468
653 700
946 390
855 570
787 842
256 770
243 914
597 111
799 743
532 766
761 366
870 696
118 957
126 408
970 226
476 383
222 143
369 745
278 173
279 220
230 682
925 842
32 519
896 812
753 579
23 219
226 453
943 794
325 31
680 34
365 782
762 354
267 410
303 552
558 54
562 141
567 749
840 311
329 682
516 750
702 925
405 105
45 178
818 498
103 380
733 197
145 868
685 861
152 136
673 634
984 869
551 633
418 87
955 292
142 429
798 146
105 339
845 237
281 582
746 370
910 923
124 418
768 112
676 601
720 345
811 180
519 253
940 342
545 258
449 661
587 907
312 155
591 543
26 905
759 649
617 368
548 738
398 457
954 697
522 901
523 420
394 528
860 675
95 918
61 770
527 570
209 535
221 450
428 823
14 136
108 291
410 86
195 981
714 591
43 120
805 276
146 147
661 784
847 937
203 900
486 627
865 602
539 281
942 710
347 988
5 638
502 376
843 284
774 926
666 391
199 373
48 695
653 19
964 493
225 54
44 526
482 607
46 68
853 700
984 261
303 607
988 341
370 732
194 58
606 815
111 663
2 937
75 677
903 365
730 11
124 514
675 402
824 952
83 14
608 991
385 64
258 718
164 838
306 706
516 849
189 971
723 367
300 484
175 996
803 391
917 147
386 382
299 164
444 971
379 402
125 138
487 397
555 503
335 659
873 216
181 57
738 462
125 552
521 436
66 96
6 444
9 360
160 780
821 457
950 743
132 354
207 942
302 854
412 146
750 80
308 35
614 488
475 562
195 659
803 848
863 352
276 560
173 812
13 899
454 799
493 827
701 502
304 948
925 718
782 105
485 855
179 468
882 685
455 45
459 836
743 169
483 783
86 421
36 730
422 22
572 500
559 238
965 707
490 741
827 558
700 272
169 456
210 740
586 411
804 342
52 930
454 475
455 566
187 316
289 432
278 85
279 260
18 14
636 721
505 337
631 147
658 911
770 245
610 500
745 651
892 954
844 821
704 224
500 67
799 243
234 19
141 453
715 851
681 720
957 983
684 689
760 183
673 704
799 128
106 105
452 125
269 609
574 12
426 1000
278 657
943 673
693 574
750 577
346 395
272 538
516 821
408 106
673 546
727 339
710 519
949 981
272 681
313 640
769 887
889 736
218 633
328 656
168 626
261 324
636 286
229 208
638 884
198 801
109 378
695 407
494 204
394 502
589 1
627 370
739 620
890 512
906 365
394 601
52 157
465 10
145 184
184 13
96 873
481 989
759 486
868 726
360 846
143 503
517 198
900 210
498 996
869 755
860 794
967 473
777 506
304 848
104 450
344 113
327 152
203 406
97 911
939 538
423 645
178 200
64 239
508 950
754 614
157 975
1000 826
654 349
527 977
390 218
165 816
520 769
23 182
207 149
524 889
787 985
3 314
762 335
384 435
405 483
806 722
965 251
568 875
698 934
702 998
926 242
729 728
841 950
698 777
940 958
867 870
104 678
6 203
408 70
510 670
357 45
417 136
418 163
836 699
208 275
907 493
699 911
494 121
108 907
454 667
950 316
939 45
319 967
530 514
379 184
15 510
80 834
276 906
316 591
8 360
142 102
330 718
991 247
709 834
623 472
958 343
304 892
819 175
543 637
640 522
914 169
670 762
784 581
514 626
155 164
598 392
213 998
144 179
697 937
300 558
840 715
487 88
804 366
71 409
46 74
371 451
207 105
335 36
68 417
804 509
864 328
899 451
482 555
544 651
653 208
430 827
257 135
921 168
799 203
729 651
123 158
92 93
757 349
723 485
676 789
71 989
37 861
719 913
958 763
328 368
565 571
983 796
417 315
8 307
789 67
958 586
580 216
708 21
33 267
200 260
256 22
261 267
17 799
452 506
243 279
981 525
745 513
379 215
877 684
753 486
281 964
418 425
536 124
171 163
389 120
707 501
356 237
708 858
982 169
795 529
371 843
19 23
441 873
226 721
359 911
859 335
796 340
872 210
156 59
402 151
510 171
276 652
248 871
502 44
85 124
770 682
458 142
762 848
799 821
66 859
571 160
382 545
60 317
120 528
728 207
583 51
306 93
658 134
363 148
496 307
580 971
688 945
339 991
247 574
486 850
343 831
145 362
734 52
522 714
832 44
351 524
444 162
463 70
891 523
134 764
144 46
805 855
553 134
207 77
466 441
963 596
343 541
457 138
455 883
206 271
768 610
182 308
438 162
884 99
603 723
315 405
902 889
871 184
49 65
627 252
737 188
741 668
577 939
653 470
128 239
864 57
882 352
318 566
474 272
437 140
497 913
336 273
962 637
587 840
559 560
570 118
756 285
557 284
391 732
363 889
489 710
347 288
96 608
371 678
68 654
308 189
54 425
223 290
631 417
997 311
748 643
565 979
569 16
643 889
644 454
368 767
977 843
209 481
854 499
142 943
921 1000
152 639
652 840
890 463
816 550
513 602
722 900
354 128
579 969
963 550
855 524
36 628
575 669
562 556
999 577
605 714
31 630
753 863
438 723
230 529
729 150
748 214
234 404
184 541
587 14
5 593
529 95
253 577
587 161
862 485
632 690
909 140
344 978
700 119
61 459
634 511
799 365
957 112
61 187
205 512
315 64
307 495
699 857
652 65
724 243
709 112
71 647
422 771
313 876
484 472
803 68
606 667
537 432
983 106
667 565
85 956
271 587
281 483
615 296
410 697
105 39
214 387
784 390
977 491
160 587
68 972
659 611
767 706
419 570
87 934
722 321
660 100
54 319
955 589
224 561
376 748
328 591
590 363
788 852
912 995
530 430
103 984
644 442
830 538
562 799
299 335
356 308
359 983
964 587
161 290
234 936
199 174
330 683
238 816
518 294
263 953
14 65
195 375
147 213
423 567
83 606
579 933
853 78
599 446
838 658
606 398
458 198
23 354
61 43
411 196
196 854
602 753
506 202
363 207
792 777
144 840
556 868
212 143
361 563
843 432
654 434
500 130
597 796
98 355
226 430
174 182
340 666
657 296
537 370
903 295
7 370
154 802
776 857
779 362
690 259
456 149
534 496
115 184
498 272
337 150
944 442
547 103
694 202
287 800
680 388
439 997
23 746
779 72
710 608
408 465
936 701
370 169
150 747
815 915
135 381
158 166
713 429
309 58
661 213
289 277
212 811
945 514
105 317
697 161
661 326
756 708
208 50
389 3
262 787
582 840
697 18
663 273
651 705
700 544
859 354
454 954
57 796
82 825
765 596
187 773
217 38
507 186
971 253
184 153
594 831
995 243
653 553
491 336
807 800
991 7
773 976
613 529
411 51
621 6
658 16
145 99
610 889
938 16
957 4
66 999
161 921
92 619
240 958
278 304
173 422
874 565
601 411
32 938
663 199
581 458
343 907
235 2
988 476
753 577
724 70
853 678
586 35
315 27
80 900
461 965
589 721
291 18
789 511
427 594
965 222
880 554
920 497
404 194
767 983
572 711
577 895
980 620
233 33
710 573
900 49
57 275
99 904
225 581
464 251
732 396
882 481
275 309
242 896
594 429
764 797
216 795
327 761
185 32
223 440
538 825
261 155
7 939
734 329
863 616
60 779
632 486
411 582
284 323
530 615
472 931
260 468
963 790
764 82
34 745
199 225
57 824
590 466
21 989
62 458
929 892
570 518
421 136
630 446
351 75
933 82
294 793
943 388
680 708
443 686
299 962
620 422
316 180
257 756
912 510
724 297
154 422
508 684
355 507
840 665
438 534
460 806
889 428
192 140
657 470
274 926
23 249
724 90
637 903
802 700
515 65
389 970
352 433
98 685
691 7
968 283
92 435
699 413
999 454
970 728
150 454
577 938
870 113
998 58
943 655
202 127
707 916
708 507
743 460
984 835
474 273
46 625
285 455
967 751
935 269
635 583
580 76
233 831
205 770
271 901
453 802
774 36
744 333
797 477
341 833
416 376
721 163
426 65
526 564
518 120
844 175
826 430
4 806
656 87
761 895
998 672
468 683
548 919
757 747
730 181
895 605
911 920
594 601
757 668
190 815
688 737
763 39
416 804
477 709
388 330
559 501
753 862
600 250
294 660
26 478
634 171
541 397
549 898
255 135
115 754
494 831
248 465
31 976
732 975
495 519
648 316
903 540
998 558
891 534
355 924
14 593
364 494
827 782
679 865
666 384
740 785
358 148
654 609
748 260
119 194
593 556
884 836
352 93
334 349
500 77
374 930
486 40
859 526
811 675
387 607
392 883
268 228
266 788
984 513
767 798
950 234
988 89
422 915
842 193
319 489
874 80
769 551
400 609
591 157
687 586
458 608
742 219
945 827
196 139
346 312
592 560
58 244
519 33
43 360
414 209
539 968
349 804
613 215
726 414
53 32
254 611
612 273
613 56
194 150
157 2
805 897
380 205
952 310
695 518
816 385
116 759
15 770
484 883
657 679
700 771
94 502
575 77
381 6
21 984
319 643
436 159
894 781
927 407
645 31
332 270
632 764
942 947
714 562
507 784
164 599
477 696
593 759
188 333
316 890
668 199
943 463
838 659
621 33
456 48
813 847
942 653
485 986
183 635
663 377
352 573
602 609
452 520
89 338
1 752
639 761
37 146
545 711
819 480
503 667
771 5
754 759
339 7
896 754
951 276
883 578
809 363
131 883
541 804
954 411
40 311
847 84
903 294
102 982
376 111
175 715
432 46
520 752
850 171
742 72
907 176
864 665
395 100
507 988
849 481
208 503
599 725
747 462
504 358
648 738
153 353
557 65
150 930
360 321
567 488
73 636
721 952
980 815
855 429
141 939
825 874
474 120
298 810
526 722
48 317
727 87
640 81
860 436
110 79
812 311
191 138
138 770
582 841
915 198
54 406
937 514
275 103
203 249
276 635
564 214
804 837
660 737
899 619
611 341
919 628
796 481
50 737
63 819
621 116
344 416
770 708
237 363
644 189
939 491
825 733
765 949
400 289
717 562
900 470
557 969
834 334
156 870
31 650
292 678
770 998
628 854
240 959
517 363
187 664
886 26
641 883
507 651
88 52
848 717
776 314
563 82
639 199
255 206
23 212
466 467
323 614
438 853
610 442
758 866
795 276
687 290
983 587
400 892
537 333
688 615
245 710
440 936
257 54
547 847
499 71
49 180
175 860
4 597
642 131
940 924
79 496
471 447
357 254
157 182
208 194
292 456
902 480
25 812
979 363
979 687
907 442
485 154
875 526
548 440
717 479
862 792
918 542
668 677
461 225
176 287
755 197
25 590
414 952
592 806
560 324
9 194
462 932
798 962
583 600
195 299
492 479
554 366
916 265
225 820
423 779
13 523
517 139
845 302
683 159
553 799
298 179
553 797
449 37
820 92
752 442
859 510
53 427
825 322
292 95
905 250
198 861
341 480
862 274
511 816
722 989
731 937
805 482
678 112
438 757
559 215
49 554
622 685
202 24
679 542
256 912
120 641
908 892
526 439
255 29
184 754
830 617
653 16
87 380
508 879
714 14
897 614
849 877
832 93
300 931
173 171
653 97
912 37
586 68
706 509
719 160
331 675
686 27
600 344
604 352
510 135
239 463
330 489
176 682
462 42
345 984
602 186
699 13
611 713
758 616
64 516
393 626
788 333
519 628
111 886
936 600
497 518
974 48
983 802
909 699
713 266
290 77
419 30
405 876
176 172
695 287
95 563
906 18
711 741
858 299
590 226
268 340
47 685
154 209
878 153
406 772
722 637
364 758
535 825
294 201
57 845
122 960
911 106
731 323
971 311
959 862
230 858
835 452
69 744
431 401
144 561
53 399
791 625
70 706
311 556
477 708
294 826
557 896
174 732
765 893
786 418
827 690
298 138
904 937
253 750
645 122
531 394
767 865
349 187
496 337
796 894
391 442
875 223
549 18
226 281
514 842
340 273
602 940
202 286
738 188
152 969
525 122
585 215
178 359
63 672
979 43
507 823
328 120
323 860
864 104
573 560
421 803
261 542
638 14
451 160
400 610
976 513
647 222
548 353
992 484
768 891
768 908
897 296
845 178
600 516
247 376
855 121
15 374
53 47
971 612
39 76
614 111
759 733
669 245
854 307
494 322
540 582
499 785
177 860
196 778
588 378
346 893
330 582
42 82
899 880
62 17
69 827
416 99
750 226
497 328
316 900
860 316
117 301
626 487
939 398
636 844
382 748
181 591
352 591
922 599
674 842
726 805
359 260
969 720
566 850
606 287
808 338
2 441
737 605
536 737
432 869
355 421
840 835
882 606
786 281
701 250
301 284
800 240
305 857
549 54
858 388
244 794
26 213
438 271
201 105
992 876
616 892
301 62
208 252
841 89
544 630
688 54
851 16
444 586
197 331
230 127
858 828
14 275
988 143
36 268
220 33
202 532
646 589
171 623
957 900
3 837
543 223
395 103
417 419
457 930
96 238
409 775
788 261
590 905
295 279
315 701
851 479
201 979
266 107
693 384
984 828
535 668
183 482
483 412
485 246
603 447
627 53
574 620
314 494
225 793
266 333
212 136
522 165
694 901
660 29
31 948
593 22
955 619
354 514
261 54
524 641
526 578
708 865
178 724
363 720
722 581
65 846
651 707
927 662
109 125
540 931
510 964
424 763
152 522
635 971
742 659
856 542
808 641
574 936
265 382
588 568
56 341
75 19
334 828
858 166
763 238
568 496
752 381
571 787
734 317
865 562
792 760
227 317
838 271
35 590
330 62
188 432
173 420
355 449
325 249
473 526
628 966
95 387
795 457
763 445
265 826
588 512
899 439
349 20
465 639
46 44
486 919
767 98
954 461
280 692
425 589
410 315
638 277
303 564
384 402
477 353
171 570
582 204
852 463
968 521
404 204
261 709
997 715
409 882
880 699
42 948
703 569
101 151
384 586
533 218
256 122
345 157
722 229
650 262
795 552
380 929
73 543
312 321
497 891
120 478
739 715
589 711
342 476
91 220
312 159
384 764
574 667
276 826
189 615
412 138
251 914
864 676
138 950
588 130
8 406
545 209
308 361
950 936
991 212
214 400
146 41
705 900
557 923
620 273
397 30
606 324
202 182
38 272
369 943
695 878
943 119
156 843
382 951
365 571
23 21
451 762
239 891
538 462
968 743
408 551
500 341
132 49
157 948
395 995
740 430
568 601
538 369
23 251
210 798
852 401
639 75
966 489
35 217
128 597
967 154
992 788
476 125
561 257
465 756
463 353
654 570
150 469
127 820
310 508
799 168
305 220
685 49
903 254
872 968
245 586
768 643
72 48
755 789
367 475
232 310
765 244
965 466
470 976
842 623
367 72
519 63
742 140
730 716
52 496
823 837
256 245
547 102
262 169
646 81
868 961
854 276
858 219
252 126
952 284
150 1
242 132
355 895
229 922
803 967
960 918
583 716
275 959
187 775
60 527
96 816
155 293
853 198
47 883
341 18
697 298
311 702
198 276
327 176
511 983
256 863
477 707
875 432
549 831
644 5
574 322
406 304
465 788
65 370
853 393
835 882
663 152
464 202
979 351
338 429
836 700
356 806
451 726
365 688
593 853
689 918
227 595
891 552
35 356
623 977
61 456
374 561
782 600
162 609
805 985
275 834
594 924
560 532
278 843
46 471
28 806
495 852
542 535
844 767
926 758
177 437
785 566
586 674
386 411
116 142
401 658
545 539
547 76
784 362
90 993
695 92
172 255
765 152
141 820
975 621
851 435
682 591
593 152
295 80
210 696
67 241
251 892
698 126
588 405
29 906
907 675
671 410
211 859
678 610
733 717
94 613
207 910
752 801
33 131
604 606
972 26
616 116
891 170
32 453
803 880
218 304
184 128
132 96
212 746
195 512
126 820
821 892
808 565
299 622
461 585
451 436
657 848
565 327
701 135
776 34
208 548
191 677
311 416
871 386
739 445
244 581
339 21
464 845
84 238
529 431
752 48
844 736
893 316
796 835
598 467
601 301
897 572
771 7
188 243
279 292
129 831
301 428
567 945
565 964
387 671
121 321
898 776
911 232
415 53
128 541
832 821
753 364
908 506
469 1000
509 171
115 780
129 672
732 133
346 504
295 385
461 921
963 363
157 416
565 547
146 947
309 357
819 652
208 376
20 95
171 413
870 281
731 229
91 66
988 716
974 267
868 778
961 349
553 790
114 48
746 878
78 495
741 149
66 399
527 302
485 471
858 147
831 100
778 368
324 152
30 669
734 625
113 121
947 712
215 624
893 680
410 407
14 179
104 403
89 97
146 168
113 347
868 477
743 675
763 225
473 883
191 208
829 470
723 591
156 864
529 506
565 460
969 755
571 643
40 217
512 756
800 307
965 647
480 427
640 812
970 239
511 205
993 326
874 579
953 944
476 235
461 633
444 265
474 964
2 47
185 935
740 811
724 176
749 63
140 993
359 239
771 769
370 516
463 317
157 610
563 739
824 929
325 316
573 518
546 626
512 526
444 640
200 42
36 432
241 642
992 454
44 107
997 859
135 444
125 112
144 470
897 117
353 574
439 970
129 69
924 682
245 534
825 795
110 271
93 579
422 699
278 392
46 971
553 282
271 930
437 86
459 386
477 361
757 538
128 323
294 336
385 596
540 536
618 708
360 236
130 884
237 891
670 286
626 74
307 424
864 699
403 297
541 19
303 225
569 147
497 279
26 551
868 354
853 146
545 833
229 680
838 590
674 551
252 543
623 504
146 140
718 398
653 731
981 62
74 378
899 871
57 648
151 210
979 469
815 187
307 464
409 614
499 632
761 269
212 83
965 891
678 336
476 344
3 88
757 249
631 720
577 284
944 569
747 76
620 214
602 889
328 302
534 226
349 488
885 214
872 811
162 717
714 894
224 638
241 844
422 795
349 281
998 478
779 294
408 640
604 273
680 289
590 804
993 814
997 750
84 585
534 447
557 118
137 635
944 69
9 54
196 146
76 632
646 820
349 940
479 525
725 1000
562 314
531 532
159 447
343 50
94 876
630 930
388 979
48 278
851 519
233 828
142 742
767 699
163 521
557 425
471 735
698 257
403 103
422 385
649 323
885 989
337 671
32 331
910 666
416 234
759 151
351 394
777 231
726 194
237 15
644 337
186 959
264 29
709 885
473 137
6 403
919 303
784 626
251 509
434 183
644 6
807 634
866 146
922 736
709 568
122 386
600 205
499 596
779 902
482 794
127 997
549 16
677 43
400 9
164 242
774 895
425 512
44 600
524 850
581 399
589 948
550 698
643 100
222 987
614 457
889 62
799 370
406 804
675 343
897 753
299 308
512 936
489 217
202 766
701 644
997 689
327 263
859 688
823 21
612 984
701 633
564 923
802 784
348 298
702 809
656 124
341 671
567 385
992 381
224 727
557 235
63 870
104 877
102 712
432 804
915 977
989 576
169 663
315 625
669 322
429 73
515 245
806 549
422 338
355 781
855 232
552 787
203 833
563 698
850 252
547 536
806 263
302 742
599 340
160 11
514 982
623 338
100 829
1 954
74 720
551 422
108 503
435 161
184 479
246 109
302 307
88 123
584 832
14 359
201 700
74 434
183 628
949 772
66 843
477 968
260 626
173 463
874 620
247 738
819 485
771 6
810 544
705 286
357 515
619 176
411 407
993 987
704 82
335 252
379 932
840 434
704 446
183 56
812 951
663 498
529 610
851 18
120 8
286 291
490 134
96 113
295 563
408 173
393 455
589 523
168 557
703 519
6 829
816 233
814 868
147 653
910 871
444 793
746 137
56 573
555 421
336 477
404 366
902 37
651 999
47 758
543 285
690 835
964 358
108 896
971 514
823 573
596 925
281 654
747 783
752 691
826 498
449 946
497 8
479 136
782 409
566 496
53 291
771 288
113 120
275 217
905 114
1000 304
549 515
786 183
934 455
94 352
994 690
665 850
575 499
463 565
498 388
126 849
625 118
592 590
792 587
889 327
351 224
407 178
84 301
800 86
433 595
964 841
861 563
883 999
459 771
818 838
657 494
697 549
92 615
643 369
537 790
95 380
614 804
316 127
856 92
804 260
108 249
516 144
877 286
727 908
526 329
286 722
123 988
115 604
102 362
563 964
468 384
990 261
666 455
81 557
979 116
693 814
875 967
412 863
457 866
847 53
617 540
102 84
799 182
738 580
558 427
656 479
163 161
182 79
468 181
723 345
928 831
572 690
336 298
814 755
358 671
784 450
641 79
309 489
609 691
132 598
243 365
158 134
755 198
970 60
836 269
786 614
270 367
231 219
55 955
385 683
99 763
685 544
134 302
997 286
330 223
138 805
734 963
971 447
833 434
411 836
303 338
159 798
379 848
55 857
933 856
894 536
702 394
552 207
190 883
853 145
265 664
782 151
843 935
389 146
598 207
1000 714
491 449
348 590
733 331
319 990
766 908
468 87
878 542
826 957
540 227
724 384
451 764
947 227
344 844
951 699
221 410
168 26
956 83
23 132
540 274
226 537
356 915
960 408
16 478
273 449
585 777
405 324
499 665
481 166
909 244
839 631
185 682
173 57
157 724
448 984
124 937
968 287
197 179
812 717
865 915
721 569
519 650
681 382
942 247
528 103
582 302
453 490
680 290
257 23
295 507
166 758
871 772
336 985
127 532
220 410
577 863
851 296
162 31
769 109
828 968
152 25
688 123
997 975
210 499
375 943
765 99
68 981
793 272
632 296
299 43
210 386
319 36
102 700
12 652
696 709
72 383
27 627
589 134
901 282
479 802
872 390
377 808
342 510
270 331
720 202
794 797
302 856
63 298
894 906
950 616
464 421
39 395
186 973
852 686
389 232
584 760
198 616
270 101
687 732
793 936
39 745
441 618
504 754
636 811
490 973
553 297
792 643
631 992
703 471
299 917
782 994
127 257
292 298
165 36
386 819
904 940
890 29
490 751
494 963
482 795
11 531
892 722
145 329
544 842
918 460
580 699
46 251
514 345
903 425
466 406
625 715
19 942
370 762
645 814
283 997
737 98
793 944
615 65
798 419
177 427
181 419
58 414
398 964
487 547
533 175
382 335
384 122
521 879
258 607
776 896
121 743
431 796
250 965
446 695
932 515
868 641
216 808
233 910
270 517
950 443
310 794
204 313
573 896
152 484
915 833
517 925
115 287
243 466
650 62
815 728
411 750
90 35
578 230
243 579
526 532
351 489
82 846
911 75
972 107
42 224
78 802
179 393
368 510
613 760
155 432
692 201
485 885
70 813
308 722
682 419
739 46
711 44
554 889
339 880
776 179
335 296
635 382
16 376
623 785
791 997
630 55
541 542
325 147
328 393
183 789
274 595
541 655
856 159
713 214
425 598
961 548
861 3
663 269
315 99
652 98
926 577
343 689
186 252
61 444
634 766
233 191
710 699
149 538
589 522
456 154
938 917
498 269
872 514
805 686
423 479
280 23
593 249
210 443
547 840
911 491
548 535
76 272
593 250
480 989
671 491
428 548
765 269
902 252
683 38
920 884
32 372
290 564
938 120
665 928
830 426
722 723
541 13
416 898
329 679
294 103
777 399
669 873
981 951
599 488
929 708
108 325
660 604
147 643
766 774
503 420
195 911
681 180
867 129
354 52
529 504
503 597
930 857
115 567
921 630
478 141
151 57
389 740
912 287
550 481
222 886
418 571
349 17
766 706
680 41
304 269
343 543
822 707
224 84
53 155
444 617
852 350
379 816
894 241
827 40
300 104
907 208
103 504
323 793
662 346
21 66
66 61
707 959
814 641
452 194
111 975
958 588
797 722
855 476
760 834
561 823
732 312
8 473
855 794
159 763
164 983
381 439
885 967
138 802
403 442
373 616
814 922
35 979
441 732
540 824
74 582
575 395
198 412
476 790
60 469
249 404
394 893
179 449
252 537
40 921
403 521
705 921
374 108
670 585
748 857
770 452
970 303
921 673
279 27
912 492
783 411
253 255
771 419
773 721
822 643
50 80
878 910
829 218
614 592
10 802
46 220
526 298
810 761
248 152
931 775
271 337
861 218
383 266
663 452
762 385
999 108
984 699
798 467
533 71
62 932
509 43
253 251
415 156
823 51
359 669
667 526
421 779
315 280
922 352
542 585
301 805
931 242
537 79
244 273
797 517
232 313
336 687
771 682
314 323
833 849
599 782
266 46
730 715
379 427
381 377
149 371
299 42
82 694
64 853
581 656
582 747
888 64
939 453
517 952
4 525
910 29
323 305
539 769
298 113
526 569
657 702
391 569
713 842
939 536
379 550
132 248
61 718
208 910
579 145
1000 506
199 192
666 513
420 563
702 169
613 882
104 350
621 423
90 273
551 444
451 812
801 473
804 1000
108 397
435 71
847 906
400 336
451 957
918 589
403 914
960 341
923 91
235 931
221 332
904 828
176 595
969 282
911 603
745 990
972 509
101 56
74 193
117 173
942 54
781 134
993 110
353 783
101 633
192 395
121 283
528 53
694 454
144 302
291 465
609 62
702 973
814 991
727 522
653 355
511 784
842 428
989 267
183 244
300 48
283 770
548 286
629 981
779 34
884 261
569 747
751 215
733 552
224 600
423 24
688 247
673 773
661 300
954 806
885 782
351 347
190 95
356 163
323 442
474 29
169 960
556 724
170 43
632 658
846 693
472 190
145 232
74 182
81 469
424 289
456 418
456 914
143 658
331 338
460 566
133 488
929 537
469 448
715 40
933 113
477 853
891 747
175 146
839 139
343 116
847 652
297 352
529 61
73 201
951 738
93 150
922 996
425 708
504 203
358 218
782 648
690 98
177 244
70 377
399 861
111 615
771 806
634 222
629 230
903 285
126 32
550 902
98 961
504 280
505 961
309 753
330 546
433 844
462 401
300 843
971 841
514 212
774 308
997 949
713 454
896 162
437 206
155 821
963 138
871 557
642 589
238 410
630 1000
449 641
121 988
146 739
425 424
716 184
299 387
547 681
489 529
551 145
958 237
497 393
552 457
411 890
256 589
316 565
389 815
624 590
878 439
149 965
445 8
304 996
798 532
765 991
606 477
723 32
978 860
178 788
341 440
74 325
754 419
34 504
166 317
244 565
691 660
563 187
69 462
933 21
682 279
965 163
62 589
113 249
636 562
529 25
808 80
40 506
168 207
261 926
966 385
70 202
326 864
537 679
496 635
6 610
334 367
279 442
357 950
413 612
935 803
771 770
900 934
922 154
906 551
414 342
521 964
116 82
528 140
505 989
885 423
237 706
382 309
917 22
580 176
907 32
584 179
219 200
665 470
483 559
983 138
111 900
103 683
896 61
369 261
684 180
775 271
161 17
201 418
972 895
739 604
981 647
892 38
33 223
327 277
111 386
973 355
963 789
633 887
113 26
829 676
422 122
118 469
9 935
483 120
407 20
284 127
125 40
108 283
753 74
161 983
42 185
170 370
703 300
136 62
155 458
530 146
201 536
787 769
311 711
68 918
175 116
899 872
629 616
249 245
856 395
827 538
6 548
640 779
662 840
149 619
187 296
575 981
999 137
785 147
760 453
264 515
638 426
107 430
804 24
516 404
847 410
867 632
7 291
196 360
642 94
239 458
847 11
366 157
373 22
327 9
920 467
222 687
998 60
874 102
893 970
475 211
20 828
301 949
505 874
270 700
362 677
594 504
355 564
581 782
323 18
821 319
414 255
977 17
564 599
176 304
730 891
793 573
672 361
501 740
935 105
385 693
705 568
669 157
602 160
711 518
853 712
330 559
954 613
464 281
782 343
394 572
696 916
315 990
423 955
998 821
417 785
30 619
972 208
647 1000
538 886
913 262
734 366
117 27
133 499
563 322
31 696
970 320
537 803
330 995
442 324
355 396
257 516
188 116
761 302
580 790
529 80
412 588
253 602
142 413
53 169
706 616
266 685
430 152
767 81
899 499
667 895
207 46
249 860
841 160
645 763
188 969
137 809
889 172
125 354
325 352
20 601
168 421
850 193
478 646
433 34
907 138
585 52
414 430
508 477
145 907
992 18
847 156
598 998
327 776
842 572
186 56
370 301
135 385
871 955
450 501
698 95
275 258
209 122
559 878
38 390
655 623
416 444
124 917
698 462
517 522
955 469
833 685
426 269
502 560
211 837
12 690
369 221
129 970
777 806
320 695
82 554
673 245
297 662
792 293
540 579
47 573
503 15
893 131
424 731
521 186
43 810
502 845
422 130
299 725
283 200
31 527
787 200
421 74
723 710
118 140
339 721
381 930
274 284
701 131
919 332
709 904
397 312
553 404
576 258
155 208
16 378
68 153
607 254
899 49
847 655
723 917
740 989
463 150
308 865
921 442
984 342
235 878
741 659
69 677
498 551
847 429
940 513
729 804
652 818
192 377
193 720
182 324
862 746
849 569
852 324
638 333
225 418
625 838
276 376
519 716
866 616
305 311
124 578
909 540
968 424
841 958
440 513
186 109
538 962
632 21
480 258
266 133
175 823
54 44
555 521
607 848
116 797
872 659
105 4
789 920
632 243
229 107
456 202
811 833
594 339
775 298
63 20
582 816
604 792
661 335
755 156
497 188
400 301
337 843
670 151
748 691
950 679
578 387
206 599
320 514
285 860
507 212
878 453
864 659
494 466
99 446
541 11
838 983
967 241
574 941
521 39
371 917
942 977
337 28
86 283
435 17
454 863
501 272
339 749
433 592
348 613
75 231
269 59
943 297
383 173
448 30
957 398
47 506
840 868
880 101
257 588
295 908
683 642
443 889
988 475
292 66
830 710
300 949
762 248
447 5
515 106
899 459
166 766
672 607
488 572
583 395
814 585
681 647
311 68
728 96
278 887
623 994
49 93
158 713
569 870
643 178
310 388
422 319
867 829
16 364
486 325
751 443
453 388
845 898
646 701
572 589
542 781
854 547
232 366
430 767
750 752
94 884
168 810
360 50
17 791
728 917
882 363
792 127
570 188
25 705
835 176
449 285
378 429
251 937
691 911
721 201
939 158
869 337
378 284
51 494
252 309
877 87
623 407
830 215
812 966
429 742
303 189
549 693
291 669
882 702
367 878
762 856
999 597
217 293
331 285
544 138
304 751
472 405
723 988
688 937
672 302
58 581
294 589
207 164
444 186
165 507
767 444
969 461
861 167
348 798
136 970
175 427
879 967
400 975
775 648
957 741
580 608
620 865
567 874
490 74
201 181
605 163
159 244
879 677
475 163
757 313
457 179
233 564
879 266
951 233
745 210
506 838
286 24
548 331
723 168
437 148
223 743
993 524
483 586
507 232
683 309
182 740
587 977
197 645
954 768
884 449
564 455
836 364
363 782
860 634
414 585
170 162
333 726
775 387
982 205
285 147
582 907
869 836
821 582
778 308
657 589
765 676
288 40
53 280
997 453
420 573
137 395
204 811
193 30
734 367
424 470
903 998
812 825
385 952
744 671
139 893
412 687
179 76
537 802
717 756
574 327
338 535
550 476
442 521
891 24
600 109
230 664
527 964
182 607
643 219
738 199
870 968
905 724
247 651
951 265
749 684
872 589
477 130
177 206
434 759
201 192
789 463
936 141
222 622
462 153
214 846
73 414
555 782
774 556
36 544
46 331
233 192
253 157
589 611
927 240
774 447
184 275
689 85
391 901
158 912
951 205
55 312
889 638
746 145
68 933
608 210
612 570
669 429
45 403
161 254
859 963
4 604
773 800
462 708
265 136
102 607
530 644
233 796
366 636
660 7
989 717
636 390
449 340
929 98
493 99
973 345
67 507
321 274
968 551
697 111
934 332
459 172
567 809
872 131
798 687
213 405
347 595
648 820
540 866
668 175
49 825
327 2
49 906
670 628
268 748
624 770
677 280
805 467
751 619
130 717
493 679
763 329
65 337
771 509
386 901
4 468
784 880
398 933
753 605
520 778
649 618
871 389
323 627
527 585
624 206
970 982
843 428
187 448
996 938
992 209
444 576
562 159
103 253
948 976
292 924
976 709
296 599
154 861
824 889
257 92
3 592
116 239
689 527
444 678
945 975
175 822
289 867
876 737
660 342
608 15
898 479
349 639
777 534
450 470
159 482
343 1
975 993
115 478
812 8
869 201
440 480
798 207
985 964
424 820
168 990
856 855
357 310
674 88
158 313
952 362
189 605
15 449
627 345
873 953
912 967
674 826
824 147
764 437
17 374
971 245
754 255
866 389
799 471
374 148
319 573
969 916
705 280
407 206
325 961
288 909
93 421
597 117
815 162
193 375
446 515
584 864
383 172
296 104
574 287
888 514
122 454
250 243
16 359
70 46
640 801
164 167
22 205
4 456
832 217
541 767
988 468
737 860
939 940
432 326
396 481
675 83
788 995
921 262
603 932
782 420
510 146
81 946
863 764
12 160
706 994
309 674
680 330
366 557
23 544
210 233
292 789
146 769
326 659
565 7
851 272
871 877
664 259
493 487
202 788
637 400
747 560
196 202
223 531
924 726
176 278
802 54
15 263
94 772
989 644
459 441
781 972
18 504
419 843
494 141
485 637
316 757
225 936
737 51
686 783
450 79
824 192
311 946
185 266
407 415
228 424
356 357
105 547
532 352
825 218
765 624
569 221
56 392
294 902
8 107
528 866
589 414
164 406
476 640
475 60
919 262
777 313
688 844
838 722
490 612
935 293
749 812
98 97
409 506
743 595
897 931
321 774
657 172
933 55
238 701
262 314
890 116
250 279
643 254
4 428
835 430
780 317
304 462
162 996
823 505
1 418
143 795
762 285
717 915
853 578
385 245
128 555
419 124
336 974
923 444
173 53
546 689
28 728
859 570
594 837
499 443
616 969
656 416
414 432
749 787
552 337
699 2
720 167
993 801
296 559
375 645
275 635
167 697
867 937
85 784
823 978
480 698
11 226
929 379
323 20
569 716
593 182
497 793
544 926
686 585
122 646
821 430
315 985
765 321
6 245
436 115
533 331
682 887
741 168
119 196
545 405
449 504
394 427
470 406
677 299
5 115
262 610
657 588
450 962
198 620
631 985
494 395
958 58
687 728
123 495
597 203
744 881
619 655
66 773
251 259
783 218
930 698
863 8
331 171
355 543
316 221
206 489
890 182
429 602
145 35
537 801
39 971
340 58
423 5
871 275
451 732
303 807
553 88
404 590
331 614
391 698
35 362
110 946
996 951
499 377
351 760
731 143
139 312
50 853
270 569
456 388
410 381
305 97
179 696
550 921
510 170
681 28
247 932
335 773
624 24
842 427
573 585
277 124
245 552
211 760
716 875
988 960
970 631
510 388
189 997
150 597
922 498
537 217
834 621
980 787
360 508
716 585
395 946
484 5
690 856
621 580
609 616
166 514
563 71
764 204
96 576
125 902
532 58
626 173
440 18
544 664
673 100
753 310
223 158
816 620
925 390
393 269
910 490
700 906
631 162
621 392
486 930
848 812
761 637
946 409
86 364
342 986
230 603
505 168
895 863
398 971
865 408
38 338
776 183
705 247
464 835
908 940
348 673
258 217
957 473
637 869
999 834
502 446
433 357
804 380
917 571
719 323
477 116
283 679
747 122
395 801
839 938
311 205
563 796
432 298
286 405
178 258
514 168
537 377
918 206
27 555
945 236
429 403
822 362
325 322
957 692
236 931
720 812
278 728
945 125
927 37
250 771
589 518
880 662
76 735
675 37
613 273
478 898
90 894
876 881
351 186
168 816
6 80
429 202
621 552
476 58
518 78
406 852
599 17
69 998
735 433
369 120
798 889
378 262
986 249
643 696
792 434
117 923
982 101
968 723
790 892
281 231
13 961
863 51
187 946
170 300
152 815
725 446
273 778
360 690
770 591
19 449
520 122
557 961
672 405
545 921
322 530
74 467
700 355
956 981
14 771
353 136
995 809
560 956
714 131
454 398
662 675
735 811
166 530
662 786
511 344
918 853
631 635
140 8
81 544
462 167
154 156
562 49
857 603
253 866
648 148
230 18
214 887
197 875
573 512
928 965
569 981
471 141
629 793
99 802
280 968
673 631
525 750
964 18
802 853
451 97
471 98
936 755
993 998
279 891
229 60
718 871
72 505
898 179
416 840
205 3
143 236
55 513
350 659
43 532
171 12
7 930
835 37
752 837
791 755
328 545
362 851
367 896
423 178
378 427
967 945
838 721
192 571
428 667
711 428
531 954
705 883
502 140
548 971
109 235
574 79
999 710
617 991
970 472
626 294
98 143
541 271
892 485
677 223
293 198
729 128
178 134
416 767
131 4
832 183
874 542
106 932
805 204
295 946
39 772
723 847
357 757
303 755
914 564
132 231
222 993
995 547
577 23
988 296
41 561
192 419
504 117
968 260
778 774
901 816
295 609
978 421
852 382
528 92
858 767
231 851
713 208
805 512
662 139
203 612
233 123
457 611
42 915
59 787
722 49
940 120
263 229
68 67
271 750
516 150
3 824
983 4
63 840
927 787
11 515
534 659
171 475
295 107
621 607
214 351
507 451
796 705
872 395
247 285
786 583
218 5
475 670
459 309
672 380
998 718
378 463
697 81
695 682
330 554
856 558
216 397
274 21
369 145
562 960
635 154
49 787
446 796
307 231
750 185
143 825
5 276
634 409
947 951
519 902
364 35
754 407
562 546
9 674
531 293
645 341
799 672
748 200
896 961
469 409
400 240
295 961
866 31
391 434
156 725
909 49
552 242
715 366
734 30
740 864
148 607
905 730
710 39
172 610
47 534
37 967
998 722
581 282
943 999
582 109
953 867
241 976
634 372
898 215
337 279
747 332
234 169
56 713
823 19
148 281
793 36
928 781
656 284
417 264
988 961
354 933
477 299
873 929
323 98
381 168
863 868
756 468
974 391
405 904
69 6
765 2
358 600
217 532
287 596
988 743
48 266
480 22
977 936
312 239
686 725
998 539
786 939
42 56
316 975
983 258
125 630
498 934
935 962
848 15
423 971
906 483
752 619
143 504
627 669
848 158
904 128
43 700
577 176
78 431
467 393
236 58
398 857
950 794
610 875
807 647
131 190
403 581
61 33
846 698
84 134
191 674
837 21
472 416
588 822
883 958
518 969
483 806
264 492
925 969
785 62
900 167
753 706
862 60
735 822
370 934
637 868
93 146
738 233
117 28
615 813
525 5
101 262
931 882
35 265
400 777
572 983
554 678
719 96
576 402
483 968
447 621
84 681
693 837
571 169
594 778
391 90
253 191
401 990
110 536
607 716
404 167
577 873
673 618
768 834
163 792
405 827
978 143
617 981
485 109
418 182
826 43
720 474
579 273
742 847
910 907
712 142
324 700
162 179
332 635
536 508
985 635
397 989
588 432
751 100
771 251
42 284
388 800
560 337
462 593
786 911
125 937
350 982
225 424
775 453
778 379
476 920
39 334
354 380
962 127
431 480
74 623
679 190
921 942
960 580
523 658
298 749
51 181
198 452
762 835
635 51
504 150
394 981
908 36
294 890
406 256
43 582
800 219
710 306
378 955
749 344
442 604
369 532
45 593
283 356
601 481
291 849
795 449
154 507
819 18
532 992
61 408
106 867
857 553
749 523
523 928
476 145
407 765
780 121
563 891
432 471
857 602
608 848
129 425
349 270
296 678
107 740
560 930
393 605
192 443
305 313
881 794
54 924
970 573
94 825
651 202
101 159
873 462
103 449
73 694
772 878
183 425
742 152
584 6
478 294
54 190
627 104
725 827
397 880
494 24
309 100
826 190
6 460
378 638
910 534
570 187
275 29
51 578
837 879
52 169
734 965
420 693
203 783
310 737
333 640
905 7
372 858
730 52
53 930
954 572
687 710
462 847
907 974
215 839
402 138
186 789
528 868
998 924
85 113
331 129
79 551
578 130
155 127
25 845
269 203
677 222
701 200
959 656
653 805
179 226
236 401
311 481
387 401
465 945
417 747
727 881
499 750
588 278
249 987
302 79
880 787
737 894
226 509
763 718
33 887
349 481
704 144
227 797
741 874
894 135
415 10
589 747
394 598
24 669
580 498
706 853
875 822
362 911
736 144
760 22
617 883
376 799
304 12
747 496
215 318
387 742
372 40
427 854
29 694
674 333
859 843
589 350
24 637
775 73
190 507
599 773
939 254
488 549
471 502
989 629
659 906
119 416
640 99
987 92
717 75
539 919
242 45
702 229
464 511
46 112
260 408
927 560
509 513
80 47
264 806
438 367
159 81
105 396
253 790
473 496
190 55
798 664
164 726
442 976
665 867
883 387
70 680
697 306
700 599
863 485
738 3
375 271
303 82
216 172
715 178
331 173
994 487
406 345
423 661
766 835
252 937
717 753
153 876
70 482
26 292
279 58
942 750
139 719
141 53
839 162
404 729
442 532
282 253
171 984
40 39
558 809
468 343
331 745
150 47
462 72
233 427
253 952
490 26
844 809
405 467
318 876
231 993
107 287
658 677
384 338
149 990
729 978
945 87
380 684
309 664
770 410
516 682
556 367
991 840
755 493
300 45
599 715
107 573
291 352
326 729
241 579
385 297
63 798
106 383
28 472
883 93
376 851
335 714
159 408
649 252
695 378
703 863
65 607
872 345
380 80
399 222
627 465
422 341
919 142
560 438
688 379
262 802
29 45
769 670
673 122
837 807
274 231
401 544
246 299
102 839
267 846
235 582
640 284
810 68
424 663
260 37
440 661
744 960
48 855
412 488
914 38
938 928
23 262
80 440
873 653
221 649
23 375
652 581
815 139
247 981
123 747
216 55
752 217
861 601
628 836
682 316
409 432
378 791
883 814
644 880
519 772
889 385
619 792
766 601
508 825
14 648
829 49
979 240
562 440
802 651
196 654
658 999
788 970
571 458
421 539
975 100
338 171
448 919
452 935
861 29
510 117
37 587
774 636
978 475
950 416
214 873
126 37
932 504
917 396
520 762
685 224
104 515
250 769
896 409
436 578
168 532
263 159
819 983
898 474
883 824
816 127
979 669
916 170
314 260
940 208
59 548
870 273
887 870
51 843
233 876
15 300
646 902
388 914
926 150
986 421
328 519
96 547
815 762
800 673
147 58
722 570
595 696
724 501
841 364
198 539
15 115
553 568
971 281
976 433
686 976
502 941
514 949
489 822
151 992
905 196
295 879
808 537
679 270
4 6
957 168
423 716
541 297
946 443
984 250
715 122
292 281
26 493
706 283
579 539
448 55
710 307
322 528
205 904
697 580
662 566
66 334
942 294
359 432
40 80
538 499
407 423
176 528
407 664
608 627
616 818
124 813
140 10
257 866
187 481
206 319
813 365
852 501
361 310
896 583
292 812
3 403
745 472
432 423
175 753
767 843
288 987
278 906
497 647
315 498
416 806
879 754
133 514
888 159
674 294
413 818
710 552
362 842
882 389
37 978
86 57
522 370
315 720
744 446
742 153
360 423
768 990
160 564
555 390
836 485
115 595
773 468
613 21
816 889
191 67
393 24
121 899
413 453
380 152
273 562
863 605
403 83
846 933
946 795
503 66
33 210
877 817
954 921
899 659
989 931
616 84
796 313
742 549
907 624
289 313
425 169
787 80
284 116
195 563
507 869
933 833
900 158
83 946
377 337
952 837
131 360
978 829
298 475
134 877
912 595
730 454
783 368
183 516
972 399
79 727
64 180
635 335
66 990
69 429
896 999
52 669
455 688
810 449
95 345
852 196
174 936
586 360
52 524
956 106
615 743
90 583
352 807
426 956
758 213
316 376
546 861
787 193
35 192
663 450
701 651
116 413
334 332
337 408
689 835
383 522
620 861
591 220
864 471
295 611
923 558
796 720
211 368
858 765
489 118
599 550
546 430
125 420
513 351
825 605
310 23
21 96
116 802
614 97
742 42
600 751
432 161
675 255
220 408
817 338
105 192
986 379
915 957
807 379
643 414
197 641
419 456
267 607
890 154
436 126
785 657
756 519
775 511
467 800
543 611
88 555
251 73
5 661
221 785
114 451
26 865
523 511
817 798
551 37
772 278
201 663
982 419
179 434
703 335
833 260
421 34
649 775
675 771
322 553
877 345
937 28
374 509
1 737
554 799
487 964
757 820
887 689
265 1000
839 818
917 548
700 404
974 559
921 417
409 245
706 613
874 387
430 157
876 309
415 459
18 611
410 201
598 686
99 528
32 715
398 906
68 982
291 70
383 724
900 980
797 848
898 572
227 824
600 318
968 290
845 612
607 581
186 227
188 949
515 873
858 721
345 770
992 23
196 111
215 221
571 109
241 578
276 71
354 931
280 2
542 830
436 30
160 744
784 498
147 466
129 803
607 904
662 685
603 429
911 412
180 650
494 110
668 743
501 850
462 712
1000 175
